Data as of 2025-04-25,,,,,,
Quarter,minus_2,minus_1,zero,plus_1,plus_2,plus_3
198303,0,0,0,33.71,36.23,30.06
198306,0.04,0.1,0.26,36.89,37.68,25.03
198309,0.08,0.23,0.63,39.13,40.74,19.18
198312,0.06,0.17,0.54,28.76,41.46,29.02
198403,0.03,0.1,0.35,16.93,39.54,43.05
198406,0.04,0.11,0.39,13.35,38.58,47.53
198409,0.05,0.14,0.49,12,40.37,46.95
198412,0.05,0.14,0.49,10.27,40.04,49.01
198503,0.04,0.11,0.39,7.47,34.85,57.15
198506,0.16,0.51,1.67,9.88,38.23,49.56
198509,0.24,0.82,2.95,15.2,47.51,33.27
198512,1.82,4.34,9.69,23.02,41.96,19.17
198603,1.9,4.7,11.28,28.69,41.28,12.14
198606,0.44,1.72,7.19,32.15,46.38,12.12
198609,0.88,3.17,11.95,40.79,36.17,7.05
198612,1.46,5.19,18.51,47.05,23.86,3.93
198703,2.15,7.59,26.04,46.81,14.97,2.44
198706,1.91,7.28,28.62,49,11.25,1.95
198709,0.82,3.82,21.1,57.02,14.48,2.76
198712,0.55,2.68,18.36,61.48,14.23,2.71
198803,0.61,2.95,21.22,62.95,10.44,1.83
198806,0.86,3.96,27.26,58.96,7.59,1.36
198809,0.91,4.38,32.13,55.7,5.76,1.12
198812,0.51,2.78,27.04,61.17,7.01,1.49
198903,0.33,1.86,22.23,65.81,8.01,1.77
198906,0.23,1.27,16.4,68.32,10.87,2.91
198909,0.33,1.37,14.22,69.79,11.28,3.02
198912,0.84,2.81,20.16,67.02,7.52,1.65
199003,0.8,2.78,19.96,67.24,7.51,1.72
199006,0.41,1.79,15.94,70.56,9.13,2.15
199009,0.51,2.02,16.01,70.55,8.88,2.03
199012,0.45,1.78,14.05,68.54,11.72,3.46
199103,0.32,1.35,11.49,67.08,15.25,4.51
199106,0.99,2.78,14.8,66.71,11.89,2.84
199109,1.26,3.51,17.16,66.94,9.21,1.91
199112,1.71,4.51,18.92,65.15,8.06,1.65
199203,2.22,5.74,21.25,63.22,6.32,1.25
199206,1.41,4.31,19.3,64.58,8.52,1.88
199209,1.09,3.71,18.59,65.4,9.26,1.95
199212,1.93,5.58,21.8,63.29,6.29,1.12
199303,3.98,9.26,25.86,56.71,3.55,0.63
199306,3.99,9.44,26.65,55.93,3.32,0.67
199309,2.2,6.48,24.76,61,4.68,0.88
199312,2.16,6.46,25.81,60.99,3.92,0.66
199403,2.07,6.29,26.42,61.57,3.12,0.53
199406,1.41,4.64,23.72,65.1,4.39,0.74
199409,1.22,4.08,22.54,66.91,4.54,0.71
199412,1.59,5,25.36,64.65,2.95,0.45
199503,1.81,5.68,28.17,62.06,1.93,0.35
199506,5.08,12.07,34.1,47.17,1.3,0.28
199509,5.58,13.94,41.51,37.64,1.04,0.29
199512,2.13,7.5,40.53,47.48,1.85,0.51
199603,2.12,7.65,45.41,42.75,1.63,0.44
199606,2.44,9.17,56.21,31.01,0.91,0.25
199609,1.82,7.54,59.07,30.17,1.09,0.31
199612,1.26,5.57,57.63,33.62,1.51,0.41
199703,1.06,4.87,58.94,33.14,1.57,0.42
199706,0.84,3.98,56.86,35.67,2.09,0.57
199709,0.57,2.84,51.5,41.44,2.87,0.78
199712,0.49,2.48,49.3,43.8,3.12,0.8
199803,2.95,6.27,56.34,31.75,2.14,0.55
199806,6.69,13.7,64.73,13.81,0.82,0.24
199809,6.08,16.31,67.93,8.84,0.64,0.2
199812,3.6,14.77,73,7.78,0.65,0.21
199903,1.99,10.14,74.96,11.08,1.41,0.42
199906,1.25,7.31,77.63,11.88,1.49,0.43
199909,1.5,8.49,80.81,8.23,0.76,0.22
199912,1.86,9.85,80.92,6.56,0.62,0.19
200003,2.21,11.17,80.09,5.74,0.6,0.19
200006,2.86,13.33,78.23,4.86,0.55,0.18
200009,3.56,16.21,76.17,3.49,0.43,0.15
200012,12.97,24.53,59.89,2.17,0.32,0.13
200103,18.24,36.55,43.74,1.13,0.23,0.11
200106,14.65,46.08,37.93,1,0.23,0.11
200109,11.68,52.62,34.35,0.99,0.24,0.11
200112,7.11,55.41,36.02,1.08,0.26,0.11
200203,5,52.72,40.66,1.22,0.28,0.11
200206,3.42,43.36,51.07,1.69,0.34,0.12
200209,3.36,40.47,54.19,1.56,0.31,0.11
200212,3.08,37.03,57.62,1.77,0.37,0.13
200303,2.32,30.79,64.09,2.21,0.45,0.15
200306,1.72,23.35,68.74,4.62,1.21,0.37
200309,0.87,12.54,71.27,11.2,3.21,0.91
200312,0.61,8.14,71.03,15.34,3.87,1
200403,0.77,8.85,75.76,11.78,2.29,0.54
200406,1.04,10.96,79.98,6.76,1.02,0.25
200409,0.87,9.68,81.08,6.99,1.09,0.28
200412,1.41,10.84,80.44,6.09,0.96,0.26
200503,1.95,13.83,80.04,3.51,0.52,0.15
200506,1.54,12.93,81.35,3.48,0.54,0.16
200509,2.66,16.48,77.67,2.63,0.42,0.13
200512,3.03,18.55,76.04,1.93,0.34,0.11
200603,1.74,14.58,80.44,2.61,0.47,0.15
200606,1.51,13.55,81.65,2.68,0.47,0.15
200609,1.4,12.96,82.38,2.65,0.46,0.15
200612,1.32,12.56,82.99,2.54,0.45,0.14
200703,1.78,15.03,80.89,1.86,0.34,0.11
200706,1.9,16.16,79.73,1.75,0.35,0.12
200709,1.66,15.31,80.37,2.07,0.44,0.15
200712,1.38,13.31,81.28,3.01,0.77,0.26
200803,1.14,11.06,81.75,4.39,1.25,0.42
200806,1.19,10.47,81.09,5.24,1.51,0.49
200809,1.1,9.19,77.08,8,3.3,1.33
200812,2.81,10.64,74.41,7.75,3.13,1.27
200903,5.42,14.55,73.97,4.6,1.12,0.34
200906,7.11,16.96,70.76,3.94,0.93,0.29
200909,11.08,20.41,64.27,3.23,0.76,0.25
200912,11.12,21.31,62.85,3.45,0.94,0.33
201003,6.92,19.02,67.3,4.72,1.49,0.55
201006,6.77,19.7,66.85,4.75,1.43,0.51
201009,12.41,25.13,57.99,3.34,0.85,0.28
201012,11.39,24.33,57.32,4.38,1.73,0.84
201103,4.94,18.43,65.27,6.97,2.99,1.4
201106,3.63,16.25,67.94,7.97,3.02,1.19
201109,2.69,13.89,69.97,9.14,3.18,1.12
201112,2.88,14.68,71.02,8.12,2.49,0.81
201203,2.85,14.95,72.63,7.21,1.84,0.53
201206,1.94,12.12,74.86,8.39,2.11,0.6
201209,1.81,11.74,76.32,7.86,1.79,0.48
201212,1.87,12.24,77.3,6.82,1.4,0.37
201303,2.02,13.06,77.5,5.96,1.15,0.31
201306,1.61,10.92,76.59,8.21,2.05,0.61
201309,0.79,5.97,64.96,16.15,8.54,3.59
201312,0.44,3.13,46,23.71,18.48,8.25
201403,0.4,2.43,38.37,29.72,21.17,7.92
201406,0.39,2.2,35.75,36.63,19.78,5.26
201409,0.38,2.02,33.29,42.67,17.72,3.92
201412,0.77,3.32,42.14,41.35,10.5,1.92
201503,1.11,4.74,53.14,35.37,4.85,0.79
201506,0.77,3.72,50.32,39,5.22,0.97
201509,0.63,3.2,50.61,39.64,4.96,0.95
201512,0.56,2.82,48.18,42.08,5.23,1.13
201603,0.5,2.49,47.54,43.15,5.18,1.14
201606,0.72,3.59,59.75,32.58,2.83,0.54
201609,0.76,4.15,67.58,25.05,2.05,0.4
201612,0.59,3.51,69.93,23.48,2.05,0.44
201703,0.34,2.13,65.32,28.64,2.9,0.67
201706,0.3,1.73,64.19,30.07,3.01,0.7
201709,0.28,1.59,63.35,31.18,2.92,0.67
201712,0.21,1.15,55.79,38.17,3.8,0.88
201803,0.19,0.93,47.54,45.52,4.72,1.1
201806,1.35,2.87,53.74,37.6,3.62,0.82
201809,1.68,4.07,64.62,26.94,2.21,0.49
201812,0.73,2.99,65.38,28.02,2.35,0.53
201903,0.63,2.8,66.44,27.41,2.24,0.5
201906,0.65,2.94,67.88,26.01,2.06,0.46
201909,0.8,3.47,69.9,23.56,1.86,0.42
201912,1.25,4.91,72.73,19.24,1.52,0.35
202003,1.3,5.19,73.26,18.17,1.64,0.42
202006,2.2,6.8,72.82,16.21,1.56,0.41
202009,3,8.98,73.44,12.95,1.28,0.34
202012,2.97,9.64,73.5,12.16,1.35,0.38
202103,2.52,8.68,72.69,13.31,2.07,0.74
202106,3.45,9.66,71.23,12.8,2.1,0.75
202109,4.2,11.41,71.03,11.15,1.68,0.53
202112,3.2,10.46,71.6,12.02,2.04,0.68
202203,3.03,10.18,71.24,12.5,2.29,0.76
202206,2.16,7.79,62.86,16.37,6.1,4.71
202209,1.32,5.19,49.49,20.56,11.86,11.59
202212,0.98,3.83,35.49,20.44,15.64,23.63
202303,0.91,3.34,28.37,20.59,18.1,28.68
202306,0.92,3.26,26.2,20.92,19.94,28.76
202309,0.75,2.68,20.77,19.95,21.66,34.19
202312,0.77,2.63,19.1,20.29,23.65,33.55
202403,0.81,2.67,18.37,21.06,26.07,31.02
202406,0.82,2.67,17.47,21.62,28.47,28.96
202409,0.74,2.4,15.11,20.4,29.41,31.94
202412,0.68,2.16,12.98,19.15,30.13,34.9
202503,0.5,1.6,9.1,15.2,26.33,47.27
