Data as of 2024-7-31,,,,,,
Quarter,minus_2,minus_1,zero,plus_1,plus_2,plus_3
198303,0,0,0,32.79,35.96,31.25
198306,0.04,0.09,0.25,35.75,37.61,26.27
198309,0.07,0.2,0.58,37.09,41.02,21.04
198312,0.05,0.15,0.48,26.49,40.38,32.45
198403,0.03,0.09,0.32,15.32,36.55,47.69
198406,0.03,0.1,0.35,11.97,34.77,52.78
198409,0.04,0.12,0.43,10.59,35.82,53
198412,0.04,0.12,0.43,8.97,34.8,55.64
198503,0.03,0.09,0.34,6.51,29.56,63.47
198506,0.13,0.44,1.66,9.49,33.08,55.2
198509,0.2,0.7,2.84,15.29,42.55,38.42
198512,1.63,4,9.62,23.57,38.84,22.34
198603,1.69,4.27,10.98,29.31,39.49,14.26
198606,0.35,1.38,6.45,32.79,44.85,14.18
198609,0.71,2.61,10.88,41.95,35.8,8.04
198612,1.2,4.34,16.94,48.82,24.38,4.33
198703,1.72,6.32,23.97,49.75,15.68,2.57
198706,1.47,5.9,25.72,52.83,12.09,1.98
198709,0.61,2.94,17.9,60.01,15.71,2.84
198712,0.4,2.02,14.97,64.36,15.49,2.76
198803,0.44,2.21,17.06,67.04,11.45,1.8
198806,0.63,3.04,22.27,64.46,8.33,1.28
198809,0.67,3.35,26.26,62.54,6.2,0.99
198812,0.35,2.02,21.13,67.76,7.4,1.32
198903,0.22,1.33,16.74,71.79,8.35,1.57
198906,0.15,0.89,12.04,72.9,11.31,2.71
198909,0.26,1.06,10.59,73.63,11.67,2.79
198912,0.69,2.37,15.93,71.93,7.68,1.41
199003,0.65,2.32,15.88,72.05,7.64,1.46
199006,0.32,1.43,12.58,74.56,9.25,1.85
199009,0.42,1.73,13.09,74.2,8.86,1.69
199012,0.38,1.54,11.65,71.67,11.68,3.08
199103,0.25,1.12,9.47,69.71,15.34,4.1
199106,0.9,2.51,12.62,69.56,11.93,2.48
199109,1.16,3.23,14.83,70.04,9.15,1.59
199112,1.59,4.21,16.69,68.23,7.93,1.36
199203,2.09,5.4,19.12,66.31,6.09,0.99
199206,1.33,4.02,17.22,67.58,8.26,1.59
199209,1.01,3.45,16.49,68.37,9.01,1.67
199212,1.82,5.25,19.68,66.32,6.05,0.88
199303,3.74,8.78,24.02,59.69,3.34,0.44
199306,3.66,8.79,24.69,59.06,3.27,0.53
199309,1.96,5.89,22.46,64.24,4.71,0.73
199312,1.97,5.98,23.56,64.2,3.81,0.49
199403,1.87,5.82,24.18,64.82,2.94,0.36
199406,1.2,4.2,21.52,68.2,4.3,0.58
199409,1,3.6,20.29,70.01,4.54,0.56
199412,1.3,4.44,22.95,68.09,2.92,0.31
199503,1.48,5.06,25.63,65.78,1.84,0.21
199506,4.72,11.39,31.66,50.91,1.17,0.15
199509,5.15,13.17,38.68,41.94,0.89,0.16
199512,1.74,6.74,37.15,52.28,1.71,0.38
199603,1.72,6.82,41.98,47.69,1.48,0.31
199606,1.98,8.23,52.85,36.05,0.75,0.13
199609,1.44,6.65,55.58,35.22,0.93,0.18
199612,0.96,4.76,53.6,39.05,1.35,0.28
199703,0.81,4.16,54.94,38.41,1.39,0.29
199706,0.64,3.41,52.81,40.86,1.87,0.42
199709,0.42,2.39,47.14,46.85,2.6,0.6
199712,0.36,2.09,45.11,49.04,2.79,0.61
199803,2.89,5.96,53.24,35.67,1.85,0.39
199806,6.57,13.58,63.36,15.76,0.62,0.12
199809,5.81,16.3,67.43,9.9,0.46,0.1
199812,3.3,14.54,72.94,8.65,0.47,0.1
199903,1.73,9.64,74.76,12.31,1.25,0.31
199906,1.03,6.64,77.43,13.24,1.34,0.32
199909,1.22,7.56,81.1,9.38,0.61,0.12
199912,1.53,8.71,81.66,7.51,0.48,0.1
200003,1.83,10.01,81.19,6.41,0.46,0.1
200006,2.43,12.23,79.61,5.24,0.4,0.09
200009,3.09,15.12,77.89,3.55,0.28,0.06
200012,11.84,23.35,62.47,2.11,0.19,0.04
200103,16.55,34.72,47.57,1.01,0.12,0.03
200106,12.98,44,41.99,0.87,0.12,0.03
200109,10.07,49.92,38.98,0.86,0.13,0.04
200112,5.85,51.29,41.72,0.96,0.15,0.04
200203,4.06,47,47.61,1.12,0.17,0.04
200206,2.67,36.82,58.61,1.6,0.25,0.06
200209,2.64,34.31,61.32,1.47,0.21,0.05
200212,2.43,31.74,63.85,1.64,0.27,0.06
200303,1.83,26.7,69.03,2.02,0.34,0.08
200306,1.33,20.53,72.49,4.33,1.04,0.29
200309,0.62,11.06,73.91,10.77,2.87,0.78
200312,0.42,7.15,73.18,14.9,3.48,0.87
200403,0.57,7.91,77.71,11.33,2.03,0.45
200406,0.81,9.99,81.89,6.29,0.85,0.18
200409,0.66,8.9,82.82,6.51,0.91,0.2
200412,1.24,10.28,81.9,5.61,0.79,0.18
200503,1.77,13.23,81.42,3.1,0.39,0.09
200506,1.32,12.25,82.82,3.11,0.41,0.09
200509,2.33,15.71,79.22,2.36,0.31,0.07
200512,2.64,17.57,77.76,1.74,0.23,0.05
200603,1.44,13.57,82.15,2.41,0.35,0.08
200606,1.22,12.57,83.32,2.45,0.35,0.08
200609,1.12,12.02,84.03,2.4,0.35,0.08
200612,1.04,11.62,84.63,2.29,0.33,0.08
200703,1.42,13.84,82.8,1.65,0.23,0.06
200706,1.51,14.77,81.85,1.56,0.24,0.06
200709,1.31,13.89,82.54,1.85,0.33,0.08
200712,1.07,11.99,83.32,2.79,0.64,0.19
200803,0.87,9.94,83.57,4.16,1.11,0.34
200806,0.94,9.43,82.82,5.03,1.37,0.41
200809,0.86,8.23,78.61,7.82,3.19,1.29
200812,2.67,9.68,75.84,7.56,3.02,1.23
200903,5.26,13.47,75.61,4.41,0.99,0.27
200906,6.97,15.94,72.34,3.73,0.8,0.22
200909,11.2,19.47,65.54,3,0.63,0.17
200912,11.23,20.42,64.06,3.23,0.8,0.26
201003,6.75,18.15,68.7,4.54,1.37,0.48
201006,6.25,18.54,68.71,4.69,1.36,0.45
201009,11.1,23.62,60.96,3.32,0.78,0.22
201012,9.99,22.5,60.36,4.48,1.78,0.89
201103,4.15,16.52,67.44,7.26,3.15,1.48
201106,3.06,14.67,69.92,8.2,3.02,1.14
201109,2.27,12.69,71.91,9.14,2.98,1.01
201112,2.49,13.64,72.98,7.93,2.26,0.7
201203,2.48,13.94,74.56,6.94,1.65,0.44
201206,1.62,11.25,76.69,8.05,1.9,0.49
201209,1.51,10.96,78.1,7.46,1.58,0.38
201212,1.59,11.59,78.99,6.36,1.2,0.28
201303,1.74,12.5,79.09,5.49,0.95,0.22
201306,1.35,10.35,78.26,7.62,1.87,0.53
201309,0.6,5.51,67.13,15.11,8.14,3.51
201312,0.3,2.77,48.1,22.59,18.03,8.2
201403,0.27,2.11,40.18,28.75,20.91,7.78
201406,0.27,1.92,37.61,35.78,19.49,4.94
201409,0.26,1.76,35.27,41.93,17.17,3.61
201412,0.66,3.14,44.97,39.7,9.81,1.72
201503,1.01,4.67,56.78,32.59,4.3,0.65
201506,0.66,3.6,54.29,35.99,4.64,0.82
201509,0.5,3,54.61,36.67,4.41,0.79
201512,0.43,2.59,51.69,39.48,4.82,1
201603,0.36,2.15,50.31,41.35,4.82,1.01
201606,0.53,3.07,61.55,31.89,2.54,0.42
201609,0.56,3.53,68.89,24.94,1.78,0.3
201612,0.42,2.97,71.06,23.46,1.77,0.32
201703,0.21,1.72,66.17,28.8,2.57,0.53
201706,0.19,1.43,65.32,29.91,2.62,0.53
201709,0.18,1.32,64.67,30.8,2.53,0.5
201712,0.12,0.92,57.27,37.66,3.34,0.69
201803,0.11,0.74,49.47,44.66,4.15,0.87
201806,1.46,2.82,55.84,36.13,3.12,0.63
201809,1.86,4.15,67.01,24.84,1.81,0.34
201812,0.75,3.07,68.26,25.6,1.94,0.38
201903,0.59,2.83,69.45,24.91,1.85,0.36
201906,0.59,2.96,70.87,23.53,1.72,0.34
201909,0.72,3.48,72.7,21.25,1.54,0.3
201912,1.17,4.91,75.04,17.38,1.26,0.25
202003,1.21,5.19,75.38,16.51,1.39,0.32
202006,2.09,6.76,74.71,14.81,1.32,0.31
202009,2.85,8.88,75.03,11.92,1.08,0.25
202012,2.78,9.48,75.05,11.26,1.15,0.29
202103,2.33,8.49,74.25,12.41,1.87,0.65
202106,3.17,9.38,72.87,12,1.91,0.67
202109,3.88,11.04,72.61,10.52,1.5,0.44
202112,2.97,10.12,73.07,11.39,1.87,0.58
202203,2.82,9.88,72.65,11.88,2.11,0.66
202206,1.99,7.59,65.06,15.69,5.69,3.96
202209,1.19,5.11,52.72,19.97,11.23,9.79
202212,0.84,3.72,38.59,20.21,15.48,21.17
202303,0.79,3.25,31.53,20.7,18.31,25.42
202306,0.79,3.13,29.11,21.22,20.52,25.23
202309,0.59,2.44,22.9,20.49,23.08,30.48
202312,0.61,2.39,21.25,21.35,25.78,28.62
202403,0.63,2.41,20.41,22.68,28.84,25.03
202406,0.64,2.38,18.78,24.26,33.29,20.64
